CELL, rnc, site, sec, maxpwr(rnc), zaresmoc(rbs), zaresmoc+kabel+asc, pilot, kabel, pilot+kabel, rbsid, asc, ret, maxtilt, tilt, mechanical, bazna, sect, antena
MBETAA 11 MBETA 1 399 395 423 280 28 310 327 1 1 60 40 0 RBS3202 S1C1 5
MBETAB 11 MBETA 2 399 395 423 280 28 310 327 1 1 60 30 0 RBS3202 S2C1 5
MBETAC 11 MBETA 3 399 395 423 280 28 310 327 1 1 60 20 0 RBS3202 S3C1 5
MBETNAA 11 MBETNA 1 402 398 429 267 31 300 188 1 1 80 50 0 RBS3202 S1C1 2
MBETNAB 11 MBETNA 2 402 398 429 267 31 300 188 1 1 80 50 0 RBS3202 S2C1 2
MBETNAC 11 MBETNA 3 402 398 429 267 31 300 188 1 1 80 40 0 RBS3202 S3C1 2
MBEUROA 11 MBEURO 1 406 402 428 262 26 290 109 1 1 80 20 0 RBS3206M S1C1 2
MBEUROB 11 MBEURO 2 406 402 428 272 26 300 109 1 1 80 20 0 RBS3206M S2C1 4
MBEUROC 11 MBEURO 3 330 326 428 206 102 310 109 1 1 80 20 0 RBS3206M S3C1 4
MBEUROD 11 MBEURO 1 406 402 428 272 26 300 109 1 1 80 20 0 RBS3206M S1C2 2
MBEUROE 11 MBEURO 2 406 402 428 282 26 310 109 1 1 80 20 0 RBS3206M S2C2 4
MBEUROF 11 MBEURO 3 330 326 428 211 102 315 109 1 1 80 20 0 RBS3206M S3C2 4
MBISDRA 11 MBISDR 1 390 386 423 271 37 310 26 1 0 60 0 0 RBS3202 S1C1 3
MBISDRB 11 MBISDR 2 390 386 423 261 37 300 26 1 0 60 0 0 RBS3202 S2C1 3
MBISDRC 11 MBISDR 3 390 386 423 261 37 300 26 1 0 60 0 0 RBS3202 S3C1 3
MBLJUBA 11 MBLJUB 1 418 414 430 284 16 302 333 0 0 80 0 0 RBS3206M S1C1 4
MBLJUBB 11 MBLJUB 2 418 414 430 284 16 302 333 0 0 80 0 0 RBS3206M S2C1 4
MBLJUBC 11 MBLJUB 3 418 414 430 284 16 302 333 0 0 80 0 0 RBS3206M S3C1 4
MBLJUBD 11 MBLJUB 1 418 414 430 294 16 312 333 0 0 80 0 0 RBS3206M S1C2 4
MBLJUBE 11 MBLJUB 2 418 414 430 294 16 312 333 0 0 80 0 0 RBS3206M S2C2 4
MBLJUBF 11 MBLJUB 3 418 414 430 294 16 312 333 0 0 80 0 0 RBS3206M S3C2 4
MBMEGAA 11 MBMEGA 1 402 398 428 268 30 300 88 1 1 80 30 0 RBS3206 S1C1 2
MBMEGAB 11 MBMEGA 2 402 398 428 258 30 290 88 1 1 80 30 0 RBS3206 S2C1 2
MBMEGAC 11 MBMEGA 3 403 399 428 259 29 290 88 1 1 80 10 0 RBS3206 S3C1 2
MBMEGAD 11 MBMEGA 1 402 398 428 278 30 310 88 1 1 80 30 0 RBS3206 S1C2 2
MBMEGAE 11 MBMEGA 2 402 398 428 268 30 300 88 1 1 80 30 0 RBS3206 S2C2 2
MBMEGAF 11 MBMEGA 3 403 399 428 269 29 300 88 1 1 80 10 0 RBS3206 S3C2 2
MBOHOA 11 MBOHO 1 416 412 446 254 34 290 89 1 1 80 10 0 RBS3206 S1C1 2
MBOHOB 11 MBOHO 2 416 412 446 264 34 300 89 1 1 80 30 0 RBS3206 S2C1 2
MBOHOC 11 MBOHO 3 416 412 446 274 34 310 89 1 1 80 20 0 RBS3206 S3C1 2
MBRA 11 MBR 1 397 393 428 253 35 290 90 1 1 60 10 0 RBS3216 S1C1 3
MBRB 11 MBR 2 397 393 428 253 35 290 90 1 1 60 10 0 RBS3216 S2C1 3
MBRC 11 MBR 3 397 393 428 253 35 290 90 1 1 60 20 0 RBS3216 S3C1 3
MBRD 11 MBR 1 397 393 428 263 35 300 90 1 1 60 10 0 RBS3216 S1C2 3
MBRE 11 MBR 2 397 393 428 263 35 300 90 1 1 60 10 0 RBS3216 S2C2 3
MBRF 11 MBR 3 397 393 428 263 35 300 90 1 1 60 20 0 RBS3216 S3C2 3
MBREZA 11 MBREZ 1 395 391 423 266 32 300 239 1 1 60 20 0 RBS3202 S1C1 5
MBREZB 11 MBREZ 2 395 391 423 266 32 300 239 1 1 60 20 0 RBS3202 S2C1 5
MBREZC 11 MBREZ 3 395 391 423 256 32 290 239 1 1 60 20 0 RBS3202 S3C1 5
MBRTVA 11 MBRTV 1 414 410 429 269 19 290 240 1 1 60 30 0 RBS3202 S1C1 3
MBRTVB 11 MBRTV 2 411 407 429 276 22 300 240 1 1 60 40 0 RBS3202 S2C1 3
MBRTVC 11 MBRTV 3 411 407 429 276 22 300 240 1 1 60 40 0 RBS3202 S3C1 3
MBSZA 11 MBSZ 1 399 395 428 275 33 310 210 1 1 80 30 0 RBS3206M S1C1 2
MBSZB 11 MBSZ 2 399 395 428 265 33 300 210 1 1 80 20 0 RBS3206M S2C1 2
MBSZC 11 MBSZ 3 399 395 428 255 33 290 210 1 1 80 30 0 RBS3206M S3C1 2
MBSZD 11 MBSZ 1 399 395 428 280 33 315 210 1 1 80 30 0 RBS3206M S1C2 2
MBSZE 11 MBSZ 2 399 395 428 275 33 310 210 1 1 80 20 0 RBS3206M S2C2 2
MBSZF 11 MBSZ 3 399 395 428 265 33 300 210 1 1 80 30 0 RBS3206M S3C2 2
MBTAMA 11 MBTAM 1 404 400 428 270 28 300 289 1 1 60 0 0 RBS3206M S1C1 3
MBTAMB 11 MBTAM 2 404 400 428 270 28 300 289 1 1 60 40 0 RBS3206M S2C1 3
MBTAMC 11 MBTAM 3 404 400 428 270 28 300 289 1 1 80 10 0 RBS3206M S3C1 2
MBTAMD 11 MBTAM 1 404 400 428 280 28 310 289 1 1 60 0 0 RBS3206M S1C2 3
MBTAME 11 MBTAM 2 404 400 428 280 28 310 289 1 1 60 40 0 RBS3206M S2C2 3
MBTAMF 11 MBTAM 3 404 400 428 280 28 310 289 1 1 80 10 0 RBS3206M S3C2 2
MBTEHA 11 MBTEH 1 409 405 428 275 23 300 274 1 1 60 10 0 RBS3206M S1C1 5
MBTEHB 11 MBTEH 2 409 405 428 275 23 300 274 1 1 60 40 0 RBS3206M S2C1 5
MBTEHD 11 MBTEH 1 409 405 428 285 23 310 274 1 1 60 10 0 RBS3206M S1C2 5
MBTEHE 11 MBTEH 2 409 405 428 285 23 310 274 1 1 60 40 0 RBS3206M S2C2 5
MCENTEA 11 MCENTE 1 399 395 428 255 33 290 85 1 1 80 30 0 RBS3216 S1C1 2
MCENTEB 11 MCENTE 2 405 401 428 261 27 290 85 1 1 80 30 0 RBS3216 S2C1 2
MCENTEC 11 MCENTE 3 401 397 428 257 31 290 85 1 1 80 30 0 RBS3216 S3C1 2
MCENTED 11 MCENTE 1 399 395 428 265 33 300 85 1 1 80 30 0 RBS3216 S1C2 2
MCENTEE 11 MCENTE 2 405 401 428 271 27 300 85 1 1 80 30 0 RBS3216 S2C2 2
MCENTEF 11 MCENTE 3 401 397 428 267 31 300 85 1 1 80 30 0 RBS3216 S3C2 2
MDOGOSA 11 MDOGOS 1 405 401 429 270 28 300 306 1 0 60 0 0 RBS3202 S1C1 3
MDOGOSC 11 MDOGOS 3 405 401 429 260 28 290 306 1 0 60 0 0 RBS3202 S3C1 3
MDUSIKA 11 MDUSIK 1 396 392 423 287 31 320 10 1 0 80 0 0 RBS3202 S1C1 2
MDUSIKB 11 MDUSIK 2 398 394 423 289 29 320 10 1 0 80 0 0 RBS3202 S2C1 2
MDUSIKC 11 MDUSIK 3 393 389 423 284 34 320 10 1 0 80 0 0 RBS3202 S3C1 2
MELTALA 11 MELTAL 1 414 410 428 270 18 290 183 1 1 80 20 0 RBS3206M S1C1 2
MELTALB 11 MELTAL 2 414 410 428 270 18 290 183 1 1 80 60 0 RBS3206M S2C1 2
MELTALC 11 MELTAL 3 414 410 428 270 18 290 183 1 1 80 20 0 RBS3206M S3C1 2
MELTALD 11 MELTAL 1 414 410 428 280 18 300 183 1 1 80 20 0 RBS3206M S1C2 2
MELTALE 11 MELTAL 2 414 410 428 280 18 300 183 1 1 80 60 0 RBS3206M S2C2 2
MELTALF 11 MELTAL 3 414 410 428 280 18 300 183 1 1 80 20 0 RBS3206M S3C2 2
MERKURA 11 MERKUR 1 411 407 446 259 39 300 140 1 1 60 40 0 RBS3206 S1C1 3
MERKURB 11 MERKUR 2 411 407 446 259 39 300 140 1 1 60 30 0 RBS3206 S2C1 3
MERKURC 11 MERKUR 3 411 407 446 259 39 300 140 1 1 60 10 0 RBS3206 S3C1 3
MGDA 11 MGD 1 398 394 423 259 29 290 95 1 1 60 50 0 RBS3202 S1C1 5
MGDB 11 MGD 2 398 394 423 259 29 290 95 1 1 60 40 0 RBS3202 S2C1 5
MGDC 11 MGD 3 398 394 423 279 29 310 95 1 1 60 60 0 RBS3202 S3C1 5
MHABAKA 11 MHABAK 1 396 392 430 252 38 292 96 0 0 80 0 0 RBS3206M S1C1 4
MHABAKB 11 MHABAK 2 388 384 430 274 46 322 96 0 0 80 0 0 RBS3206M S2C1 4
MHABAKD 11 MHABAK 1 396 392 430 262 38 302 96 0 0 80 0 0 RBS3206M S1C2 4
MHABAKE 11 MHABAK 2 388 384 430 274 46 322 96 0 0 80 0 0 RBS3206M S2C2 4
MHERMEA 11 MHERME 1 399 395 423 270 28 300 97 1 1 80 50 0 RBS3202 S1C1 2
MHERMEB 11 MHERME 2 398 394 422 270 28 300 97 1 1 80 20 0 RBS3202 S2C1 2
MHERMEC 11 MHERME 3 398 394 422 270 28 300 97 1 1 80 10 0 RBS3202 S3C1 2
MHOCEA 11 MHOCE 1 399 395 423 280 28 310 27 1 1 60 30 0 RBS3202 S1C1 5
MHOCEB 11 MHOCE 2 399 395 423 280 28 310 27 1 1 60 40 0 RBS3202 S2C1 5
MIKLAA 11 MIKLA 1 399 395 423 280 28 310 125 1 1 80 20 0 RBS3202 S1C1 2
MIKLAB 11 MIKLA 2 399 395 423 280 28 310 125 1 1 80 20 0 RBS3202 S2C1 2
MIKLAC 11 MIKLA 3 399 395 423 280 28 310 125 1 1 80 20 0 RBS3202 S3C1 2
MIKLASA 11 MIKLAS 1 398 394 423 279 29 310 82 1 1 60 20 0 RBS3202 S1C1 3
MIKLASB 11 MIKLAS 2 398 394 423 269 29 300 82 1 1 60 10 0 RBS3202 S2C1 3
MIKLASC 11 MIKLAS 3 398 394 423 269 29 300 82 1 1 80 10 0 RBS3202 S3C1 2
MIZUMA 11 MIZUM 1 404 400 428 270 28 300 94 1 1 80 10 0 RBS3206M S1C1 2
MIZUMB 11 MIZUM 2 404 400 428 260 28 290 94 1 1 80 40 0 RBS3206M S2C1 2
MIZUMC 11 MIZUM 3 404 400 428 260 28 290 94 1 1 80 20 0 RBS3206M S3C1 2
MIZUMD 11 MIZUM 1 404 400 428 280 28 310 94 1 1 80 10 0 RBS3206M S1C2 2
MIZUME 11 MIZUM 2 404 400 428 270 28 300 94 1 1 80 40 0 RBS3206M S2C2 2
MIZUMF 11 MIZUM 3 404 400 428 270 28 300 94 1 1 80 20 0 RBS3206M S3C2 2
MLIMBUA 11 MLIMBU 1 398 394 423 279 29 310 205 1 1 60 10 0 RBS3202 S1C1 3
MLIMBUB 11 MLIMBU 2 398 394 423 299 29 330 205 1 1 60 30 0 RBS3202 S2C1 3
MLIMBUC 11 MLIMBU 3 398 394 423 269 29 300 205 1 1 60 50 0 RBS3202 S3C1 3
MLIMCEA 11 MLIMCE 1 425 421 444 275 23 300 275 1 1 80 0 0 RBS3206M S1C1 2
MLIMCEB 11 MLIMCE 2 426 422 444 276 22 300 275 1 1 80 30 0 RBS3206M S2C1 2
MLIMCEC 11 MLIMCE 3 425 421 444 275 23 300 275 1 1 80 10 0 RBS3206M S3C1 2
MLJVRTA 11 MLJVRT 1 344 340 428 230 88 320 92 1 1 60 30 0 RBS3206 S1C1 3
MLJVRTB 11 MLJVRT 2 344 340 428 230 88 320 92 1 1 60 40 0 RBS3206 S2C1 3
MLJVRTC 11 MLJVRT 3 344 340 428 230 88 320 92 1 1 60 60 0 RBS3206 S3C1 3
MOTOKA 11 MOTOK 1 395 391 429 270 38 310 187 1 1 60 30 0 RBS3202 S1C1 3
MOTOKB 11 MOTOK 2 395 391 429 270 38 310 187 1 1 60 20 0 RBS3202 S2C1 3
MPOBRA 11 MPOBR 1 420 416 428 296 12 310 93 1 1 60 20 0 RBS3206 S1C1 5
MPOBRB 11 MPOBR 2 420 416 428 296 12 310 93 1 1 60 20 0 RBS3206 S2C1 5
MPOBRC 11 MPOBR 3 420 416 428 296 12 310 93 1 1 60 50 0 RBS3206 S3C1 5
MPOBRD 11 MPOBR 1 420 416 428 301 12 315 93 1 1 60 20 0 RBS3206 S1C2 5
MPOBRE 11 MPOBR 2 420 416 428 301 12 315 93 1 1 60 20 0 RBS3206 S2C2 5
MPOBRF 11 MPOBR 3 420 416 428 301 12 315 93 1 1 60 50 0 RBS3206 S3C2 5
MPOCEHA 11 MPOCEH 1 404 400 423 275 23 300 105 1 1 60 0 0 RBS3202 S1C1 5
MPOCEHB 11 MPOCEH 2 404 400 423 285 23 310 105 1 1 60 0 0 RBS3202 S2C1 5
MPOCEHC 11 MPOCEH 3 404 400 423 265 23 290 105 1 1 60 10 0 RBS3202 S3C1 5
MPOSTAA 11 MPOSTA 1 411 407 428 277 21 300 103 1 1 60 20 0 RBS3206M S1C1 5
MPOSTAB 11 MPOSTA 2 411 407 428 267 21 290 103 1 1 60 60 0 RBS3206M S2C1 5
MPOSTAC 11 MPOSTA 3 411 407 428 277 21 300 103 1 1 60 30 0 RBS3206M S3C1 5
MPOSTAD 11 MPOSTA 1 411 407 428 287 21 310 103 1 1 60 20 0 RBS3206M S1C2 5
MPOSTAE 11 MPOSTA 2 411 407 428 277 21 300 103 1 1 60 60 0 RBS3206M S2C2 5
MPOSTAF 11 MPOSTA 3 411 407 428 287 21 310 103 1 1 60 30 0 RBS3206M S3C2 5
MRADVA 11 MRADV 1 406 402 428 292 26 320 120 1 1 60 20 0 RBS3206M S1C1 5
MRADVB 11 MRADV 2 406 402 428 302 26 330 120 1 1 60 10 0 RBS3206M S2C1 5
MRADVC 11 MRADV 3 406 402 428 302 26 330 120 1 1 60 10 0 RBS3206M S3C1 5
MRADVD 11 MRADV 1 406 402 428 292 26 320 120 1 1 60 20 0 RBS3206M S1C2 5
MRADVE 11 MRADV 2 406 402 428 302 26 330 120 1 1 60 10 0 RBS3206M S2C2 5
MRADVF 11 MRADV 3 406 402 428 302 26 330 120 1 1 60 10 0 RBS3206M S3C2 5
MRIBNIA 11 MRIBNI 1 414 410 423 285 13 300 53 1 0 60 0 0 RBS3202 S1C1 5
MRIBNIB 11 MRIBNI 2 414 410 423 285 13 300 53 1 0 60 0 0 RBS3202 S2C1 5
MROGOZA 11 MROGOZ 1 401 397 423 272 26 300 149 1 1 60 30 0 RBS3202 S1C1 5
MROGOZB 11 MROGOZ 2 401 397 423 272 26 300 149 1 1 60 20 0 RBS3202 S2C1 5
MROGOZC 11 MROGOZ 3 401 397 423 272 26 300 149 1 1 60 30 0 RBS3202 S3C1 3
MSTUDA 11 MSTUD 1 412 408 428 268 20 290 58 1 1 80 40 0 RBS3206 S1C1 2
MSTUDB 11 MSTUD 2 412 408 428 298 20 320 58 1 1 80 40 0 RBS3206 S2C1 2
MSTUDC 11 MSTUD 3 412 408 428 298 20 320 58 1 1 80 20 0 RBS3206 S3C1 2
MTABORA 11 MTABOR 1 391 387 423 262 36 300 91 1 1 80 20 0 RBS3202 S1C1 2
MTABORB 11 MTABOR 2 391 387 423 272 36 310 91 1 1 80 10 0 RBS3202 S2C1 2
MTABORC 11 MTABOR 3 391 387 423 262 36 300 91 1 1 80 20 0 RBS3202 S3C1 2
MTEZNOA 11 MTEZNO 1 395 391 423 256 32 290 143 1 1 60 20 0 RBS3202 S1C1 3
MTEZNOB 11 MTEZNO 2 396 392 423 267 31 300 143 1 1 60 20 0 RBS3202 S2C1 3
AGAMGDA 31 AGAMGD 1 399 395 423 270 28 300 187 1 1 80 30 0 RBS3202 S1C1 2
AGAMGDB 31 AGAMGD 2 399 395 423 270 28 300 187 1 1 80 30 0 RBS3202 S2C1 2
AGAMGDC 31 AGAMGD 3 399 395 423 270 28 300 187 1 1 80 40 0 RBS3202 S3C1 2
